68
25
33
48
22
47
70
34
77
48
25
25
67
71
53
48
39
33
44
47
77
58
42
51
76
24
45
44
49
71
53
37
54
52
35
65
74
35
53
58
31
57
20
70
41
50
48
69
20
40
75
41
74
59
56
18
45
22
55
63
58
32
51
56
46
41
77
71
77
57
56
36
77
35
34
79
50
20
68
49
23
78
36
37
20
33
24
56
68
24
75
22
19
70
41
21
79
65
63
65
56
78
71
63
34
44
66
47
60
62
73
19
38
69
22
69
19
59
43
76
63
24
27
29
51
78
37
58
64
19
56
43
54
64
32
36
57
48
77
44
22
42
38
34
46
38
37
35
33
75
22
61
68
38
36
69
49
50
40
69
46
43
30
46
58
38
47
33
32
28
57
66
73
66
76
69
39
29
24
63
18
46
20
28
18
36
42
79
30
69
44
22
27
54
31
64
66
61
52
52
32
29
75
31
46
60
74
37
24
73
72
70
77
57
71
24
62
71
78
61
67
20
60
66
48
58
43
46
56
41
34
75
77
63
44
49
74
48
21
78
77
38
54
72
53
25
54
50
76
71
40
19
77
64
52
46
48
49
33
55
65
27
79
22
70
59
28
41
52
65
32
56
67
60
72
65
53
79
48
31
69
71
32
24
66
25
50
21
31
21
78
74
20
61
31
63
66
41
22
21
20
38
43
40
66
61
24
51
19
58
46
34
37
41
44
28
33
27
62
46
48
37
74
24
27
31
51
75
61
54
23
62
76
74
72
58
52
20
50
52
39
56
69
58
46
65
48
62
46
63
62
52
67
52
69
57
64
20
66
57
34
62
71
61
53
28
31
23
32
24
32
42
71
34
49
19
58
27
36
37
60
36
57
58
57
47
73
46
56
47
61
51
65
76
52
26
29
26
27
60
52
26
77
37
65
74
77
50
19
48
70
28
35
73
56
65
50
18
29
37
26
62
38
48
72
33
26
39
28
71
38
28
70
76
20
64
78
49
38
55
72
52
38
42
35
70
43
58
58
51
76
63
18
66
62
20
24
18
50
73
55
60
55
41
77
40
39
53
51
27
44
39
75
72
78
43
77
25
56
61
68
53
38
53
45
72
29
57
52
32
47
37
66
25
23
31
47
70
58
53
33
23
24
36
43
61
57
56
22
30
41
68
68
73
19
38
38
71
70
43
54
72
18
70
79
71
75
19
62
25
70
55
77
44
63
51
50
66
79
26
40
39
71
25
61
41
21
32
29
48
39
20
74
66
57
32
70
76
55
79
44
64
71
33
60
32
36
30
50
25
63
27
62
72
33
79
58
57
66
69
65
79
30
60
36
75
44
38
32
78
38
77
53
51
34
33
29
76
24
69
64
37
18
71
31
66
19
54
77
68
76
49
49
53
58
32
62
68
52
57
24
38
19
36
34
36
29
59
55
67
53
28
23
36
39
75
73
45
56
70
59
48
46
24
34
26
64
78
22
65
45
57
44
37
61
22
57
55
38
48
55
55
64
54
28
31
42
76
31
51
49
78
30
58
40
22
55
47
60
78
72
39
74
78
68
29
23
65
68
31
29
60
39
79
50
72
77
24
63
42
55
49
56
73
26
48
55
49
20
36
74
23
72
63
72
69
41
52
35
57
30
22
38
58
49
18
64
74
77
30
38
24
32
33
73
26
59
54
64
76
25
46
79
41
61
53
71
37
25
74
25
48
53
21
35
19
28
40
34
38
23
26
19
41
68
69
40
55
47
69
20
78
55
64
52
47
76
65
38
75
55
72
57
22
45
75
57
63
54
65
38
35
24
72
51
35
55
37
52
61
40
36
38
24
77
49
18
20
52
67
47
45
40
20
23
29
44
32
60
22
69
57
34
74
23
50
79
31
26
38
64
48
58
55
39
32
74
53
51
66
66
63
61
52
36
48
40
22
63
66
22
23
58
65
79
77
55
51
37
66
42
31
45
76
32
70
62
53
27
78
43
59
75
71
36
40
78
25
56
62
42
50
36
75
59
38
47
76
79
63
68
23
57
23
79
22
18
59
37
34
53
61
52
56
29
78
34
58
66
28
51
33
51
77
41
31
65
54
30
60
75
73
43
42
42
40
77
65
37
37
28
70
50
22
55
38
70
41
57
79
79
60
41
37
69
63
32
50
47
26
74
42
35
41
52
60
49
67
46
68
58
29
32
19
26
19
40
40
64
24
32
28
28
56
57
72
46
43
69
48
38
78
34
44
63
34
19
33
40
76
26
47
38
29
66
67
33
51
50
34
