529.190000
2969.830000
2031.360000
1436.170000
934.530000
1384.760000
2470.830000
1554.490000
2132.570000
2462.140000
2905.070000
1918.900000
1256.510000
1430.890000
2005.280000
1541.340000
717.100000
2488.810000
1239.750000
2387.700000
1884.080000
2035.680000
2013.860000
862.340000
1738.210000
1631.140000
841.310000
1622.130000
500.260000
579.240000
1493.250000
257.390000
2603.610000
2180.300000
2347.200000
863.370000
590.360000
2449.200000
1174.360000
1306.150000
402.400000
1269.910000
1347.830000
2440.790000
1977.490000
1417.570000
1442.700000
2964.890000
386.570000
1811.450000
1520.650000
985.370000
2385.440000
594.410000
636.330000
2760.160000
1138.560000
2582.600000
1635.720000
583.240000
1527.690000
2137.050000
1146.590000
2959.100000
2829.450000
1703.750000
272.440000
2295.990000
2883.110000
570.580000
904.160000
2948.110000
1081.670000
2042.420000
2759.050000
868.610000
1142.660000
670.510000
1130.370000
1580.650000
538.460000
591.320000
979.310000
1922.730000
1860.390000
1727.450000
1266.880000
2679.410000
2689.290000
620.630000
1445.640000
2095.190000
2161.600000
2448.950000
1458.440000
262.090000
1415.460000
2072.050000
2553.070000
726.690000
1869.390000
1606.790000
1545.850000
2092.890000
1908.310000
231.690000
2411.330000
2628.530000
664.600000
2621.380000
2013.810000
2802.690000
1439.840000
350.620000
2481.330000
864.870000
1103.940000
1088.190000
1750.030000
2338.210000
2277.650000
2729.230000
2352.240000
1215.450000
2097.890000
1493.390000
2697.020000
2218.010000
2417.460000
2898.100000
1452.710000
1646.010000
1987.650000
499.400000
1667.500000
2357.490000
455.590000
566.010000
2223.040000
1106.880000
1330.290000
407.440000
2297.800000
364.410000
1064.200000
2955.280000
980.560000
2854.490000
2482.690000
1632.220000
2770.060000
2222.450000
375.730000
285.970000
1501.150000
1837.210000
1740.680000
1683.950000
2188.890000
1085.960000
2520.430000
645.880000
2916.130000
2893.510000
2717.780000
1547.190000
907.240000
739.610000
2335.840000
2617.070000
855.740000
484.300000
2186.510000
1293.270000
1806.810000
336.390000
2377.030000
2829.840000
1182.340000
1820.360000
2208.570000
2437.760000
2365.490000
1687.900000
572.940000
320.110000
2658.750000
1707.280000
2635.980000
2002.630000
1940.460000
483.270000
815.770000
1268.000000
2725.430000
212.010000
811.730000
1895.060000
1453.190000
880.010000
1309.050000
937.640000
1904.630000
1084.030000
2680.880000
2494.610000
733.880000
1644.320000
2988.020000
561.610000
1277.770000
1852.420000
1401.230000
1397.890000
224.540000
1176.800000
2570.520000
388.470000
1478.750000
1029.720000
207.280000
1584.130000
2246.890000
1477.890000
2048.020000
1712.390000
1052.210000
1027.130000
796.710000
1381.120000
616.790000
2664.550000
386.450000
2204.100000
658.040000
278.360000
2340.290000
1650.960000
1754.250000
503.640000
957.190000
1701.610000
2152.100000
944.400000
2756.450000
2299.310000
2149.890000
222.620000
219.520000
1097.580000
2286.130000
2796.900000
362.000000
1266.250000
2298.110000
333.760000
1812.960000
2397.740000
773.490000
2619.310000
1757.460000
620.200000
719.570000
1933.930000
1409.550000
1600.560000
1123.010000
2597.260000
2552.660000
1586.690000
2810.790000
1791.130000
1548.630000
2721.790000
2054.660000
2856.480000
2883.630000
1025.120000
1115.560000
806.160000
2615.390000
830.260000
1105.460000
1903.370000
2051.490000
2991.470000
1536.590000
1517.680000
402.310000
1912.100000
2306.980000
492.630000
2321.110000
1576.850000
2712.670000
2771.940000
470.000000
2637.920000
2107.400000
619.620000
2199.630000
2812.840000
1818.960000
571.140000
1894.440000
1518.970000
1641.260000
811.340000
1646.370000
1361.200000
1550.510000
2482.520000
1596.510000
811.770000
2932.530000
2203.660000
945.310000
1991.550000
1356.850000
1999.270000
2179.280000
876.280000
542.380000
2423.410000
1340.260000
2591.290000
2327.520000
1250.720000
2485.120000
2275.190000
2471.800000
2881.230000
2176.170000
2627.200000
1833.340000
1311.580000
1382.710000
1180.320000
1205.510000
2226.010000
715.580000
2066.100000
584.190000
1897.590000
1524.290000
2537.900000
2005.090000
1986.530000
496.240000
2134.530000
672.490000
1615.870000
1384.930000
2836.380000
1729.000000
1678.020000
2031.610000
1101.150000
1229.420000
818.830000
921.060000
2702.140000
2317.080000
2462.910000
2562.680000
2466.680000
2993.120000
2648.240000
2064.680000
1238.240000
670.610000
1481.360000
2559.790000
2168.620000
1184.240000
1818.570000
2624.570000
631.800000
2149.220000
2552.710000
1879.800000
1031.900000
545.980000
1847.370000
1154.960000
1257.570000
1659.100000
2011.800000
2193.620000
1083.360000
2073.680000
291.850000
2787.630000
1343.590000
934.910000
879.410000
1299.690000
800.670000
1747.180000
2039.360000
2606.790000
2631.910000
1701.140000
2967.300000
1414.940000
2625.360000
1051.130000
1608.170000
477.750000
2735.380000
2401.140000
217.260000
1628.270000
2009.470000
2298.990000
694.880000
1818.580000
1706.220000
1741.960000
2467.690000
2421.560000
1404.430000
2183.720000
1311.250000
738.690000
2716.830000
2150.320000
1598.210000
991.070000
642.410000
2777.370000
385.430000
1257.370000
2866.510000
2403.380000
2365.820000
1058.840000
2266.920000
623.700000
2624.650000
2064.880000
1353.560000
674.400000
880.390000
2518.980000
2284.910000
1053.750000
2677.140000
2647.560000
2988.700000
220.060000
1878.770000
1323.810000
1517.090000
2755.760000
745.970000
1126.170000
343.170000
2738.940000
2681.230000
1388.370000
371.550000
1773.910000
989.500000
1890.150000
1982.010000
1612.180000
1356.110000
670.260000
2120.000000
2302.390000
2127.480000
1660.450000
1207.880000
1305.190000
1110.470000
2202.200000
1432.010000
2106.460000
2433.870000
806.080000
900.780000
2181.390000
1310.610000
2984.000000
969.110000
1952.200000
2847.500000
2330.130000
2868.490000
2575.550000
732.050000
2584.960000
994.550000
1627.680000
2325.650000
1762.240000
2424.500000
2754.720000
2742.650000
1631.000000
821.180000
2179.760000
2562.690000
216.540000
2962.270000
2857.970000
2450.350000
1795.200000
1234.360000
1604.120000
2831.560000
2827.060000
2086.910000
2093.550000
2315.930000
1323.990000
2827.990000
2262.270000
861.180000
2606.020000
1559.810000
1999.410000
1532.440000
379.880000
2568.910000
2190.860000
2973.220000
1269.300000
2959.840000
1682.300000
733.070000
2244.030000
2056.370000
1026.380000
327.910000
1129.960000
1686.740000
1232.290000
972.840000
1268.240000
1901.950000
2738.430000
375.180000
439.840000
862.490000
1950.210000
729.700000
2358.510000
278.430000
1965.760000
1335.950000
1742.760000
1085.400000
486.630000
1281.460000
1723.540000
2596.410000
2530.520000
1510.320000
1128.460000
699.820000
2824.060000
2008.570000
237.680000
1950.860000
2329.310000
2760.680000
1140.050000
1504.310000
2846.260000
1119.560000
1066.900000
1732.050000
2625.580000
2625.990000
2683.800000
2643.480000
1743.770000
1950.090000
839.530000
2284.660000
2863.820000
223.560000
2130.590000
2146.220000
1111.610000
1191.570000
1792.830000
2818.730000
771.550000
1119.470000
2936.760000
1578.100000
1804.580000
618.490000
1894.630000
2391.840000
2541.220000
2733.790000
2684.420000
2891.630000
2121.350000
285.810000
1841.500000
2123.070000
2300.970000
418.210000
1350.150000
511.960000
2733.780000
2914.290000
416.310000
614.000000
1467.100000
284.500000
2405.330000
2038.530000
2721.200000
1156.230000
2753.900000
2160.460000
2388.530000
1245.430000
457.810000
2248.130000
811.200000
2120.130000
1745.440000
1302.180000
2347.930000
1756.150000
1558.730000
347.740000
2852.190000
321.370000
1448.950000
2849.440000
1521.630000
2786.500000
560.930000
2690.640000
2269.490000
1969.910000
2930.670000
2693.500000
1384.270000
465.960000
1109.230000
2223.210000
1301.720000
1853.230000
2880.100000
1573.960000
1170.500000
1751.490000
1037.390000
2224.080000
1029.250000
2816.810000
1059.750000
1531.200000
579.920000
2027.630000
2237.200000
302.170000
1487.830000
299.740000
2111.880000
704.670000
700.800000
621.480000
240.010000
1149.300000
2834.330000
2290.800000
2545.690000
2206.290000
568.560000
1925.990000
2858.620000
1320.740000
2815.910000
2330.010000
372.320000
2019.580000
732.420000
1248.570000
1891.580000
2885.020000
2666.430000
1553.350000
747.730000
1371.890000
655.760000
317.520000
2359.430000
2408.870000
565.570000
1128.970000
1468.970000
1786.090000
2052.380000
774.570000
2795.180000
1174.100000
530.840000
2198.920000
1855.300000
381.720000
272.460000
1627.610000
2600.370000
2744.170000
1403.500000
2073.440000
243.640000
2792.710000
2848.480000
912.780000
1508.570000
302.030000
1645.630000
2399.530000
1785.820000
436.280000
2628.270000
540.580000
2637.850000
1094.310000
1685.790000
1617.690000
1215.040000
2568.320000
2034.750000
789.680000
1389.210000
1182.490000
2527.600000
1910.900000
787.630000
1075.050000
259.680000
2742.980000
2629.980000
2056.870000
2494.780000
209.290000
1302.950000
2727.260000
1181.990000
324.580000
2752.830000
1753.260000
2067.810000
2175.510000
1164.860000
939.910000
214.730000
1244.600000
2151.980000
1227.680000
1076.770000
312.630000
865.450000
636.620000
2246.160000
313.050000
2489.790000
2631.610000
961.210000
2392.550000
1838.380000
502.280000
925.840000
455.080000
680.720000
1067.780000
2023.380000
900.800000
815.810000
1126.310000
424.560000
1321.870000
1630.850000
1958.430000
368.420000
1140.020000
2857.160000
414.280000
2213.240000
1105.990000
2209.120000
1474.070000
2767.330000
897.010000
2040.650000
2499.470000
2366.410000
1734.600000
717.060000
398.990000
2690.650000
2388.700000
1823.660000
2878.230000
251.140000
315.340000
290.110000
1034.440000
2406.080000
656.410000
1190.930000
2737.840000
1008.050000
2266.140000
383.820000
587.830000
2001.890000
2055.480000
2827.020000
2479.190000
1113.240000
357.390000
1789.640000
2975.240000
1897.950000
2622.740000
468.550000
860.200000
519.170000
1418.940000
498.390000
493.880000
2826.160000
622.730000
1476.000000
2065.710000
804.100000
2786.690000
456.830000
1030.570000
673.540000
731.380000
1440.870000
2869.640000
1449.400000
1302.790000
2855.770000
1442.780000
1242.760000
1601.870000
460.050000
2163.130000
823.220000
1198.140000
238.220000
2954.940000
2248.310000
2678.880000
1889.940000
2589.880000
1379.640000
1519.480000
2369.210000
534.080000
1199.000000
648.350000
2942.370000
2291.040000
543.500000
2460.360000
2722.290000
1200.280000
2886.310000
2896.640000
400.830000
944.070000
2061.800000
1808.090000
1195.310000
1968.810000
398.760000
283.140000
2458.260000
272.070000
1605.380000
1661.430000
1599.520000
984.690000
1608.920000
736.840000
622.160000
2185.820000
1685.030000
2015.860000
1444.250000
1142.640000
411.870000
1057.750000
1225.080000
940.430000
2982.120000
1056.180000
1930.160000
636.960000
2675.640000
383.830000
1014.210000
813.520000
1335.400000
2833.060000
1175.210000
2949.280000
1102.930000
987.490000
1922.600000
2708.280000
1734.420000
2864.420000
1876.830000
2497.280000
273.200000
2209.750000
2325.950000
1859.950000
977.880000
2574.200000
2781.740000
1814.680000
1176.520000
2667.490000
2961.150000
1777.240000
2054.780000
2075.660000
775.960000
2997.100000
1764.670000
713.690000
1853.710000
470.370000
1223.610000
1795.570000
838.380000
2085.190000
531.840000
2422.300000
710.760000
1161.310000
1435.670000
2929.160000
2042.460000
1156.820000
2980.570000
861.480000
301.970000
856.360000
640.980000
720.360000
2000.340000
346.400000
1061.780000
655.670000
2425.930000
2742.050000
1384.130000
2064.290000
1818.880000
650.730000
924.790000
284.500000
2514.810000
2754.100000
2753.110000
2279.460000
1821.530000
2850.330000
255.510000
2090.210000
889.550000
1986.250000
401.580000
1417.510000
2256.500000
2507.290000
1326.460000
1946.180000
1846.540000
423.750000
685.960000
2399.020000
780.100000
2113.050000
1290.660000
1530.800000
1482.270000
2787.370000
638.560000
1591.480000
